xof 0303txt 0032
template XSkinMeshHeader {
 <3cf169ce-ff7c-44ab-93c0-f78f62d172e2>
 WORD nMaxSkinWeightsPerVertex;
 WORD nMaxSkinWeightsPerFace;
 WORD nBones;
}

template VertexDuplicationIndices {
 <b8d65549-d7c9-4995-89cf-53a9a8b031e3>
 DWORD nIndices;
 DWORD nOriginalVertices;
 array DWORD indices[nIndices];
}

template SkinWeights {
 <6f0d123b-bad2-4167-a0d0-80224f25fabb>
 STRING transformNodeName;
 DWORD nWeights;
 array DWORD vertexIndices[nWeights];
 array FLOAT weights[nWeights];
 Matrix4x4 matrixOffset;
}

template AnimTicksPerSecond {
 <9e415a43-7ba6-4a73-8743-b73d47e88476>
 DWORD AnimTicksPerSecond;
}


AnimTicksPerSecond {
 4800;
}

Frame Dummy01 {
 

 FrameTransformMatrix {
  1.000000,0.000000,0.000000,0.000000,0.000000,-0.000000,-1.000000,0.000000,0.000000,1.000000,-0.000000,0.000000,0.000000,0.000000,0.000000,1.000000;;
 }

 Frame Bip01 {
  

  FrameTransformMatrix {
   -0.489721,0.856107,0.165090,0.000000,0.089573,-0.138946,0.986241,0.000000,0.867266,0.497771,-0.008639,0.000000,0.001703,-0.010862,0.491068,1.000000;;
  }

  Frame Bip01_Pelvis {
   

   FrameTransformMatrix {
    -0.000000,0.996195,-0.087157,0.000000,-0.000001,0.087157,0.996195,0.000000,1.000000,0.000000,0.000001,0.000000,0.000000,0.000000,0.000000,1.000000;;
   }

   Frame Bip01_Spine {
    

    FrameTransformMatrix {
     0.957069,0.135408,0.256290,0.000000,-0.154748,0.986322,0.056767,0.000000,-0.245098,-0.093991,0.964932,0.000000,0.051458,0.004508,-0.000082,1.000000;;
    }

    Frame Bip01_Spine1 {
     

     FrameTransformMatrix {
      0.958198,0.125402,0.257159,0.000000,-0.092806,0.986458,-0.135235,0.000000,-0.270635,0.105716,0.956860,0.000000,0.106503,-0.000009,-0.000081,1.000000;;
     }

     Frame Bip01_Neck {
      

      FrameTransformMatrix {
       0.973008,0.102508,0.206755,0.000000,-0.104168,0.994556,-0.002870,0.000000,-0.205924,-0.018744,0.978389,0.000000,0.130510,0.000000,0.004626,1.000000;;
      }

      Frame Bip01_Head {
       

       FrameTransformMatrix {
        0.997032,0.034637,0.068757,0.000000,-0.007192,0.931077,-0.364751,0.000000,-0.076651,0.363174,0.928563,0.000000,0.033674,0.000000,0.000000,1.000000;;
       }

       Frame Bip01_HeadNub {
        

        FrameTransformMatrix {
         1.000000,-0.000000,0.000000,0.000000,-0.000000,1.000000,0.000000,0.000000,-0.000000,0.000000,1.000000,0.000000,0.169824,-0.000000,0.000000,1.000000;;
        }
       }
      }

      Frame Bip01_L_Clavicle {
       

       FrameTransformMatrix {
        -0.015139,0.990296,-0.138148,0.000000,0.975390,-0.015768,-0.219922,0.000000,-0.219967,-0.138078,-0.965686,0.000000,-0.022727,0.018145,0.000128,1.000000;;
       }

       Frame Bip01_L_UpperArm {
        

        FrameTransformMatrix {
         0.584127,-0.808501,-0.071565,0.000000,0.772641,0.580889,-0.256112,0.000000,0.248638,0.094308,0.963995,0.000000,0.087086,0.000000,-0.000000,1.000000;;
        }

        Frame Bip01_L_Forearm {
         

         FrameTransformMatrix {
          0.470767,-0.000000,-0.882258,0.000000,0.000000,1.000000,-0.000000,0.000000,0.882258,0.000000,0.470766,0.000000,0.137062,0.000000,-0.000000,1.000000;;
         }

         Frame Bip01_L_Hand {
          

          FrameTransformMatrix {
           0.925928,0.317637,-0.204365,0.000000,0.120819,0.263561,0.957047,0.000000,0.357856,-0.910847,0.205662,0.000000,0.137062,0.000000,-0.000000,1.000000;;
          }

          Frame Bip01_L_Finger0 {
           

           FrameTransformMatrix {
            0.601558,-0.502847,0.620703,0.000000,0.696822,0.710248,-0.099940,0.000000,-0.390599,0.492640,0.777650,0.000000,0.057681,-0.023605,-0.000272,1.000000;;
           }

           Frame Bip01_L_Finger0Nub {
            

            FrameTransformMatrix {
             1.000000,0.000000,0.000000,0.000000,0.000000,1.000000,0.000000,0.000000,0.000000,-0.000000,1.000000,0.000000,0.029435,0.000000,0.000000,1.000000;;
            }
           }
          }

          Frame Bip01_L_Finger1 {
           

           FrameTransformMatrix {
            0.879300,-0.000379,0.476267,0.000000,-0.000000,1.000000,0.000796,0.000000,-0.476268,-0.000700,0.879300,0.000000,0.084102,-0.000000,0.000000,1.000000;;
           }

           Frame Bip01_L_Finger1Nub {
            

            FrameTransformMatrix {
             1.000000,0.000000,0.000000,0.000000,0.000000,1.000000,0.000000,0.000000,0.000000,0.000000,1.000000,0.000000,0.047988,0.000000,0.000000,1.000000;;
            }
           }
          }
         }
        }
       }
      }

      Frame Bip01_R_Clavicle {
       

       FrameTransformMatrix {
        -0.109223,-0.993813,0.020174,0.000000,-0.972112,0.111031,0.206568,0.000000,-0.207530,0.002951,-0.978224,0.000000,-0.025949,-0.013113,0.000717,1.000000;;
       }

       Frame Bip01_R_UpperArm {
        

        FrameTransformMatrix {
         0.345037,0.896179,0.278950,0.000000,-0.931146,0.289479,0.221741,0.000000,0.117969,-0.336252,0.934354,0.000000,0.087086,0.000000,-0.000000,1.000000;;
        }

        Frame Bip01_R_Forearm {
         

         FrameTransformMatrix {
          -0.232122,-0.000000,-0.972687,0.000000,0.000000,1.000000,-0.000000,0.000000,0.972687,0.000000,-0.232122,0.000000,0.137062,0.000000,0.000000,1.000000;;
         }

         Frame Bip01_R_Hand {
          

          FrameTransformMatrix {
           0.962013,-0.170998,-0.212817,0.000000,-0.195508,0.112570,-0.974220,0.000000,0.190547,0.978820,0.074863,0.000000,0.137062,-0.000000,0.000000,1.000000;;
          }

          Frame Bip01_R_Finger0 {
           

           FrameTransformMatrix {
            0.166554,0.297180,0.940183,0.000000,-0.870771,0.491689,-0.001159,0.000000,-0.462621,-0.818491,0.340669,0.000000,0.057681,0.023605,-0.000272,1.000000;;
           }

           Frame Bip01_R_Finger0Nub {
            

            FrameTransformMatrix {
             -1.000000,-0.000000,0.000000,0.000000,0.000000,1.000000,0.000000,0.000000,0.000000,-0.000000,-1.000000,0.000000,0.029435,-0.000000,0.000000,1.000000;;
            }
           }
          }

          Frame Bip01_R_Finger1 {
           

           FrameTransformMatrix {
            0.329983,0.000752,0.943987,0.000000,0.000000,1.000000,-0.000796,0.000000,-0.943987,0.000263,0.329982,0.000000,0.084102,0.000000,0.000000,1.000000;;
           }

           Frame Bip01_R_Finger1Nub {
            

            FrameTransformMatrix {
             -1.000000,0.000000,0.000000,0.000000,0.000000,1.000000,-0.000000,0.000000,-0.000000,0.000000,-1.000000,0.000000,0.047988,-0.000000,0.000000,1.000000;;
            }
           }
          }
         }
        }
       }
      }
     }

     Frame Bip01_BackPack {
      

      FrameTransformMatrix {
       0.068803,-0.000002,-0.997630,0.000000,0.000003,1.000000,-0.000002,0.000000,0.997630,-0.000003,0.068803,0.000000,0.063696,-0.000000,-0.088851,1.000000;;
      }

      Frame Bip01_BackPackNub {
       

       FrameTransformMatrix {
        0.000796,0.000003,1.000000,0.000000,0.000000,-1.000000,0.000003,0.000000,1.000000,-0.000000,-0.000796,0.000000,0.053240,0.000000,-0.000000,1.000000;;
       }
      }
     }
    }

    Frame Bip01_L_Thigh {
     

     FrameTransformMatrix {
      -0.912564,0.311945,0.264418,0.000000,-0.186467,-0.892892,0.409846,0.000000,0.363946,0.324705,0.872989,0.000000,-0.042360,0.057991,0.007924,1.000000;;
     }

     Frame Bip01_L_Calf {
      

      FrameTransformMatrix {
       0.960894,0.000000,-0.276917,0.000000,0.000000,1.000000,0.000000,0.000000,0.276917,0.000000,0.960894,0.000000,0.237500,0.000000,0.000000,1.000000;;
      }

      Frame Bip01_L_Foot {
       

       FrameTransformMatrix {
        0.994112,0.106221,0.021438,0.000000,-0.108131,0.959463,0.260266,0.000000,0.007077,-0.261052,0.965299,0.000000,0.206841,-0.000000,-0.000000,1.000000;;
       }

       Frame Bip01_L_Toe0 {
        

        FrameTransformMatrix {
         -0.281149,0.092896,0.955157,0.000000,0.009525,0.995525,-0.094019,0.000000,-0.959617,-0.017336,-0.280776,0.000000,0.065373,-0.000000,0.066450,1.000000;;
        }

        Frame Bip01_L_Toe0Nub {
         

         FrameTransformMatrix {
          -1.000000,-0.000000,-0.000000,0.000000,-0.000000,1.000000,0.000000,0.000000,0.000000,-0.000000,-1.000000,0.000000,0.006735,-0.000000,0.000000,1.000000;;
         }
        }
       }
      }
     }
    }

    Frame Bip01_R_Thigh {
     

     FrameTransformMatrix {
      -0.959000,-0.095267,0.266915,0.000000,0.106178,-0.993988,0.026714,0.000000,0.262765,0.053960,0.963350,0.000000,-0.057316,-0.050949,0.018305,1.000000;;
     }

     Frame Bip01_R_Calf {
      

      FrameTransformMatrix {
       0.860705,0.000000,-0.509104,0.000000,0.000000,1.000000,-0.000000,0.000000,0.509104,-0.000000,0.860705,0.000000,0.237500,-0.000000,0.000000,1.000000;;
      }

      Frame Bip01_R_Foot {
       

       FrameTransformMatrix {
        0.920342,-0.181367,0.346522,0.000000,0.218727,0.973157,-0.071582,0.000000,-0.324238,0.141673,0.935307,0.000000,0.206841,0.000000,0.000000,1.000000;;
       }

       Frame Bip01_R_Toe0 {
        

        FrameTransformMatrix {
         0.793109,-0.384600,0.472293,0.000000,-0.009866,0.767207,0.641324,0.000000,-0.609000,-0.513299,0.604684,0.000000,0.065373,-0.000000,0.066450,1.000000;;
        }

        Frame Bip01_R_Toe0Nub {
         

         FrameTransformMatrix {
          1.000000,-0.000000,0.000000,0.000000,-0.000000,1.000000,0.000000,0.000000,0.000000,-0.000000,1.000000,0.000000,0.006735,-0.000000,0.000000,1.000000;;
         }
        }
       }
      }
     }
    }
   }

   Frame Bip01_DressFront {
    

    FrameTransformMatrix {
     -0.997354,-0.051360,-0.051450,0.000000,-0.051294,0.998680,-0.002606,0.000000,0.051516,0.000040,-0.998672,0.000000,-0.044009,0.001399,0.061087,1.000000;;
    }

    Frame Bip01_DressFront02 {
     

     FrameTransformMatrix {
      1.000000,0.000000,0.000000,0.000000,0.000000,1.000000,-0.000000,0.000000,0.000000,-0.000000,1.000000,0.000000,0.183324,-0.000000,-0.000132,1.000000;;
     }

     Frame Bip01_DressFrontNub {
      

      FrameTransformMatrix {
       0.000796,0.000003,1.000000,0.000000,0.000000,-1.000000,0.000003,0.000000,1.000000,0.000000,-0.000796,0.000000,0.165302,-0.000000,0.000000,1.000000;;
      }
     }
    }
   }

   Frame Bip01_DressBack {
    

    FrameTransformMatrix {
     -0.996897,-0.075512,0.022223,0.000000,-0.074193,0.995718,0.055147,0.000000,-0.026292,0.053327,-0.998231,0.000000,-0.047729,-0.000007,-0.078279,1.000000;;
    }

    Frame Bip01_DressBack02 {
     

     FrameTransformMatrix {
      0.974078,0.000001,0.226213,0.000000,-0.000001,1.000000,-0.000000,0.000000,-0.226213,-0.000000,0.974078,0.000000,0.176183,-0.000000,-0.000106,1.000000;;
     }

     Frame Bip01_DressBackNub {
      

      FrameTransformMatrix {
       0.000796,0.000003,1.000000,0.000000,0.000000,-1.000000,0.000003,0.000000,1.000000,-0.000000,-0.000796,0.000000,0.136508,0.000000,0.000000,1.000000;;
      }
     }
    }
   }
  }

  Frame Bip01_Prop1 {
   

   FrameTransformMatrix {
    -0.258617,-0.157927,0.952983,0.000000,0.463296,0.845396,0.265825,0.000000,-0.847629,0.510260,-0.145467,0.000000,0.150279,0.033247,-0.097774,1.000000;;
   }
  }

  Frame Bip01_Prop2 {
   

   FrameTransformMatrix {
    0.691761,-0.594011,0.410631,0.000000,0.694900,0.392907,-0.602277,0.000000,0.196419,0.701979,0.684576,0.000000,0.100336,-0.066138,0.199253,1.000000;;
   }
  }
 }
}

Frame Translation_Data {
 

 FrameTransformMatrix {
  -0.000000,0.000000,-1.000000,0.000000,-1.000000,-0.000000,0.000000,0.000000,-0.000000,1.000000,0.000000,0.000000,0.000000,-0.000000,0.000000,1.000000;;
 }
}

Frame Body {
 

 FrameTransformMatrix {
  1.000000,0.000000,0.000000,0.000000,0.000000,1.000000,0.000000,0.000000,0.000000,0.000000,1.000000,0.000000,0.000000,0.000000,0.000000,1.000000;;
 }

 Mesh Body {
  1463;
  0.056713;0.731232;-0.085135;,
  0.021814;0.758650;-0.066646;,
  0.019575;0.725314;-0.072182;,
  0.064122;0.709572;-0.085540;,
  0.065242;0.691915;-0.086047;,
  0.019113;0.689631;-0.078904;,
  0.026996;0.659298;-0.076564;,
  0.073893;0.664978;-0.068137;,
  0.039261;0.789255;-0.042831;,
  0.073444;0.768677;-0.052903;,
  0.093806;0.769010;-0.033415;,
  0.069027;0.778068;-0.018195;,
  0.094001;0.539662;0.012667;,
  0.069835;0.527818;0.052643;,
  0.069089;0.542795;0.047570;,
  0.087061;0.549564;0.012434;,
  0.054356;0.556863;-0.032159;,
  0.074756;0.531339;-0.025148;,
  0.014809;0.554770;-0.044871;,
  0.017531;0.502232;-0.043629;,
  0.048137;0.512296;-0.047499;,
  -0.018713;0.696434;-0.064469;,
  -0.024067;0.663231;-0.058028;,
  0.033027;0.520406;0.072001;,
  0.031959;0.538635;0.068580;,
  0.084886;0.651141;0.035814;,
  0.042056;0.658384;0.064376;,
  0.042625;0.701180;0.058568;,
  0.090671;0.694542;0.028549;,
  0.042205;0.466371;-0.066111;,
  0.058699;0.373293;-0.096111;,
  0.101936;0.369296;-0.076874;,
  0.085385;0.460765;-0.040747;,
  0.065979;0.281695;-0.124400;,
  0.103499;0.275959;-0.087582;,
  0.002598;0.455466;-0.037345;,
  0.029998;0.416078;0.041363;,
  0.040513;0.341633;0.006762;,
  0.017838;0.360025;-0.063374;,
  0.059201;0.263357;-0.040028;,
  0.047734;0.267964;-0.080431;,
  0.098270;0.429148;0.009174;,
  0.116272;0.353996;-0.015590;,
  0.098515;0.271390;-0.047404;,
  0.129540;-0.000569;-0.077591;,
  0.085119;-0.002808;-0.084432;,
  0.086395;-0.003830;-0.035639;,
  0.121103;-0.002032;-0.032967;,
  0.079346;0.221249;-0.106192;,
  0.088158;0.147708;-0.108414;,
  0.122404;0.148608;-0.085897;,
  0.115665;0.222992;-0.083990;,
  0.102262;0.068490;-0.110306;,
  0.124767;0.068776;-0.084097;,
  0.046000;0.196629;-0.076420;,
  0.055885;0.209613;-0.023124;,
  0.069054;0.146442;-0.036343;,
  0.064586;0.140188;-0.078474;,
  0.093950;0.074748;-0.057446;,
  0.088296;0.058879;-0.087729;,
  0.125037;0.226695;-0.035587;,
  0.129584;0.153387;-0.048330;,
  0.117148;0.082249;-0.059740;,
  0.082213;0.502581;-0.028923;,
  -0.024158;0.493464;-0.035356;,
  -0.017771;0.457232;-0.029640;,
  0.002598;0.455466;-0.037345;,
  0.110264;0.488572;0.015804;,
  0.078396;0.479442;0.060336;,
  0.100835;0.440593;0.012309;,
  0.069048;0.435360;0.048800;,
  0.076485;0.600497;0.039606;,
  0.103220;0.643089;0.005970;,
  0.104616;0.643680;-0.014787;,
  0.072131;0.638358;-0.056669;,
  0.057662;0.594972;-0.035996;,
  0.090436;0.596388;0.002114;,
  0.024524;0.633831;-0.069016;,
  0.022760;0.590295;-0.047993;,
  -0.026997;0.642945;-0.047773;,
  -0.021474;0.588913;-0.026325;,
  0.110774;0.699176;-0.099446;,
  0.069484;0.693166;-0.065466;,
  0.141463;0.659014;-0.096247;,
  0.097831;0.638865;-0.060467;,
  0.129965;0.604536;-0.052023;,
  0.165702;0.619462;-0.081307;,
  0.103204;0.704556;-0.016018;,
  0.130228;0.661997;-0.007733;,
  0.097831;0.638865;-0.060467;,
  0.159606;0.607102;-0.012060;,
  0.129965;0.604536;-0.052023;,
  0.112657;0.710728;-0.015035;,
  0.142987;0.721371;-0.046358;,
  0.173842;0.682472;-0.043543;,
  0.195311;0.621805;-0.041240;,
  0.130102;0.712474;-0.080850;,
  0.159777;0.614214;-0.097181;,
  0.116925;0.595481;-0.063817;,
  0.114656;0.549051;-0.102819;,
  0.142111;0.563156;-0.122686;,
  0.112374;0.512550;-0.124189;,
  0.130763;0.518897;-0.142724;,
  0.116925;0.595481;-0.063817;,
  0.158459;0.567727;-0.025069;,
  0.158060;0.525719;-0.073738;,
  0.114656;0.549051;-0.102819;,
  0.144204;0.494666;-0.109661;,
  0.112374;0.512550;-0.124189;,
  0.201070;0.586449;-0.058215;,
  0.178916;0.536945;-0.089003;,
  0.155636;0.499810;-0.121886;,
  0.087690;0.443265;-0.232083;,
  0.081796;0.446657;-0.211163;,
  0.119059;0.428271;-0.186829;,
  0.124458;0.425230;-0.207631;,
  0.073254;0.481168;-0.186650;,
  0.077144;0.472456;-0.192548;,
  0.081864;0.478151;-0.200694;,
  0.073261;0.489012;-0.195285;,
  0.131750;0.463172;-0.135106;,
  0.135616;0.449706;-0.169742;,
  0.102256;0.489017;-0.181012;,
  0.093669;0.492634;-0.147514;,
  0.156974;0.485801;-0.151934;,
  0.146423;0.456474;-0.185087;,
  0.117921;0.517678;-0.164611;,
  0.114688;0.494824;-0.195442;,
  0.102429;0.765329;-0.058239;,
  0.097471;0.756375;-0.086333;,
  0.073444;0.768677;-0.052903;,
  0.063224;0.757496;-0.072533;,
  0.114864;0.688753;-0.003526;,
  0.036358;0.773021;-0.066222;,
  0.086438;0.733451;-0.097047;,
  0.056713;0.731232;-0.085135;,
  0.064122;0.709572;-0.085540;,
  0.086775;0.709969;-0.087098;,
  0.114049;0.729510;-0.022978;,
  0.087390;0.732448;0.010411;,
  0.114611;0.731962;-0.028504;,
  0.037422;0.737100;0.039736;,
  0.024736;0.779012;-0.001366;,
  0.093806;0.769010;-0.033415;,
  0.114611;0.731962;-0.028504;,
  0.079831;0.695668;-0.058478;,
  0.110771;0.720864;-0.032521;,
  0.069484;0.693166;-0.065466;,
  0.101621;0.677085;-0.030088;,
  0.079265;0.665862;-0.054518;,
  0.065242;0.691915;-0.086047;,
  0.113811;0.683234;-0.020214;,
  0.093669;0.492634;-0.147514;,
  0.033664;0.813861;-0.052296;,
  0.036193;0.800178;-0.070098;,
  0.015274;0.797066;-0.027642;,
  0.011620;0.823680;-0.040430;,
  0.114688;0.494824;-0.195442;,
  0.087690;0.443265;-0.232083;,
  0.124458;0.425230;-0.207631;,
  0.080424;0.489634;-0.170062;,
  0.086786;0.503070;-0.191275;,
  0.080424;0.489634;-0.170062;,
  0.089946;0.478600;-0.180281;,
  0.104969;0.490895;-0.195410;,
  0.104969;0.490895;-0.195410;,
  0.073254;0.481168;-0.186650;,
  0.073261;0.489012;-0.195285;,
  0.081864;0.478151;-0.200694;,
  0.140967;0.023275;-0.153175;,
  0.112829;0.019524;-0.193266;,
  0.115747;0.001223;-0.200738;,
  0.148268;0.002153;-0.160350;,
  0.081749;0.029591;-0.045873;,
  0.086395;-0.003830;-0.035639;,
  0.085119;-0.002808;-0.084432;,
  0.082619;0.022099;-0.086567;,
  0.093950;0.074748;-0.057446;,
  0.117148;0.082249;-0.059740;,
  0.122966;0.034783;-0.042840;,
  0.129540;-0.000569;-0.077591;,
  0.121103;-0.002032;-0.032967;,
  0.129005;0.034440;-0.079253;,
  0.102262;0.068490;-0.110306;,
  0.124767;0.068776;-0.084097;,
  0.080109;-0.000842;-0.193269;,
  0.084766;0.014808;-0.185231;,
  0.148268;0.002153;-0.160350;,
  0.080109;-0.000842;-0.193269;,
  0.017838;0.360025;-0.063374;,
  0.047734;0.267964;-0.080431;,
  0.046000;0.196629;-0.076420;,
  0.064586;0.140188;-0.078474;,
  0.088296;0.058879;-0.087729;,
  0.088296;0.058879;-0.087729;,
  0.006775;0.436598;0.011294;,
  0.044312;0.797192;-0.084420;,
  0.034090;0.783314;-0.097206;,
  0.025520;0.779181;-0.091248;,
  0.023722;0.789715;-0.079885;,
  0.038306;0.826628;-0.075734;,
  0.032047;0.846827;-0.064098;,
  0.013399;0.903814;-0.171609;,
  -0.006306;0.908217;-0.172473;,
  -0.008464;0.882377;-0.187265;,
  0.025008;0.821878;-0.172149;,
  0.021369;0.849779;-0.181695;,
  0.007548;0.817691;-0.175373;,
  0.049241;0.821676;-0.097955;,
  0.039111;0.797631;-0.112249;,
  0.043267;0.811588;-0.083691;,
  0.051027;0.860124;-0.104465;,
  0.049201;0.855174;-0.128428;,
  0.046996;0.881587;-0.154547;,
  0.036023;0.864494;-0.173719;,
  0.042683;0.836243;-0.146911;,
  0.040653;0.891598;-0.080835;,
  0.049804;0.872727;-0.093419;,
  0.002705;0.900147;-0.068895;,
  0.000274;0.931075;-0.107199;,
  0.032102;0.922474;-0.117248;,
  0.043843;0.818445;-0.132861;,
  0.027486;0.801151;-0.147375;,
  0.028789;0.782047;-0.116943;,
  0.013892;0.755734;-0.110728;,
  -0.006286;0.748057;-0.114525;,
  -0.004317;0.758707;-0.096368;,
  0.017192;0.870761;-0.185519;,
  0.033296;0.895072;-0.167025;,
  0.045530;0.908788;-0.132260;,
  0.030802;0.918167;-0.148292;,
  -0.002920;0.930644;-0.142733;,
  0.014083;0.926913;-0.144835;,
  0.002647;0.862147;-0.055849;,
  0.045530;0.908788;-0.132260;,
  0.030802;0.918167;-0.148292;,
  0.053470;0.848529;-0.112765;,
  0.053562;0.823353;-0.100441;,
  0.061153;0.855757;-0.102421;,
  0.056791;0.866486;-0.119846;,
  0.061153;0.855757;-0.102421;,
  0.053562;0.823353;-0.100441;,
  0.056791;0.866486;-0.119846;,
  0.049201;0.855174;-0.128428;,
  0.049726;0.831563;-0.119730;,
  0.049241;0.821676;-0.097955;,
  0.026617;0.819210;-0.160355;,
  0.049726;0.831563;-0.119730;,
  0.036358;0.773021;-0.066222;,
  0.036193;0.800178;-0.070098;,
  0.063224;0.757496;-0.072533;,
  0.038306;0.826628;-0.075734;,
  -0.011651;0.746850;-0.066889;,
  -0.014065;0.723136;-0.063857;,
  -0.024568;0.550920;-0.026628;,
  0.041610;0.473640;0.079990;,
  0.039655;0.440547;0.071176;,
  0.034693;0.422641;0.061774;,
  -0.008639;0.771327;-0.083925;,
  0.006775;0.436598;0.011294;,
  0.014083;0.926913;-0.144835;,
  -0.002920;0.930644;-0.142733;,
  0.013214;0.778337;-0.133365;,
  0.004497;0.793080;-0.151488;,
  0.004912;0.785066;-0.146119;,
  -0.009340;0.867566;-0.191717;,
  -0.009976;0.842211;-0.189684;,
  0.006546;0.815830;-0.162527;,
  0.037142;0.603587;0.065723;,
  0.063224;0.757496;-0.072533;,
  0.115747;0.001223;-0.200738;,
  0.012811;0.773124;-0.129316;,
  0.004595;0.767692;-0.133100;,
  0.004618;0.773700;-0.132931;,
  -0.009308;0.783357;-0.161010;,
  -0.008237;0.781791;-0.148476;,
  0.003829;0.774144;-0.139084;,
  -0.007056;0.774023;-0.132484;,
  -0.007417;0.765148;-0.133318;,
  -0.009910;0.813505;-0.178597;,
  -0.009317;0.808075;-0.170019;,
  0.110771;0.720864;-0.032521;,
  -0.007883;0.772426;-0.141147;,
  0.082649;0.704148;-0.043397;,
  0.079831;0.695668;-0.058478;,
  0.065242;0.691915;-0.086047;,
  0.049804;0.872727;-0.093419;,
  0.079346;0.221249;-0.106192;,
  0.012781;0.221407;-0.098044;,
  0.027557;0.145293;-0.105313;,
  0.088158;0.147708;-0.108414;,
  0.065979;0.281695;-0.124400;,
  0.012270;0.279735;-0.103098;,
  0.058699;0.373293;-0.096111;,
  -0.001997;0.369172;-0.076840;,
  0.042205;0.466371;-0.066111;,
  -0.009535;0.456115;-0.060330;,
  0.017531;0.502232;-0.043629;,
  0.031389;0.073186;-0.113992;,
  0.102262;0.068490;-0.110306;,
  0.077668;0.136009;-0.009592;,
  0.089191;0.066881;-0.014433;,
  0.038425;0.059170;0.065088;,
  0.033401;0.131834;0.057999;,
  0.024096;0.198182;0.044454;,
  0.063002;0.207860;-0.010456;,
  0.022853;0.258045;0.043617;,
  0.058447;0.256453;-0.009708;,
  0.042562;0.338284;0.021198;,
  0.027253;0.340554;0.053203;,
  0.039711;0.412966;0.068167;,
  0.082649;0.704148;-0.043397;,
  -0.070552;0.752403;-0.031211;,
  -0.081771;0.733793;-0.022343;,
  -0.039901;0.735017;-0.043929;,
  -0.028350;0.767045;-0.042918;,
  -0.086754;0.716565;-0.014512;,
  -0.085573;0.688245;0.013980;,
  -0.068012;0.673161;-0.027640;,
  -0.054022;0.701563;-0.044163;,
  -0.012631;0.798049;-0.018338;,
  -0.014725;0.791731;0.021589;,
  -0.044953;0.792173;0.030246;,
  -0.050268;0.789327;-0.001837;,
  -0.051322;0.526768;0.093310;,
  -0.045159;0.542125;0.088665;,
  -0.005016;0.538625;0.090294;,
  -0.003439;0.521317;0.093305;,
  -0.068719;0.549938;0.038799;,
  -0.072087;0.518310;0.056339;,
  -0.060202;0.550549;-0.001624;,
  -0.074023;0.501500;0.019562;,
  -0.053995;0.495885;-0.003938;,
  0.031959;0.538635;0.068580;,
  0.033027;0.520406;0.072001;,
  -0.004839;0.662191;0.086747;,
  -0.009585;0.709170;0.080177;,
  0.042625;0.701180;0.058568;,
  0.042056;0.658384;0.064376;,
  -0.075205;0.453977;-0.001771;,
  -0.086852;0.450127;0.047469;,
  -0.120584;0.357084;0.038786;,
  -0.102082;0.358298;-0.004936;,
  -0.125072;0.263396;0.039449;,
  -0.123243;0.260049;-0.012548;,
  -0.024625;0.444030;-0.006912;,
  -0.049329;0.347036;-0.007716;,
  -0.017607;0.335553;0.060352;,
  0.016687;0.412719;0.062491;,
  -0.079028;0.254378;0.007465;,
  -0.059685;0.258231;0.043871;,
  -0.088880;0.347686;0.094480;,
  -0.055776;0.421647;0.092813;,
  -0.093963;0.266443;0.064413;,
  -0.098284;-0.001504;0.121538;,
  -0.065687;-0.001526;0.153193;,
  -0.038774;-0.001072;0.131044;,
  -0.065809;-0.000928;0.090394;,
  -0.110911;0.204208;0.025643;,
  -0.121920;0.215891;0.065106;,
  -0.114706;0.145724;0.089735;,
  -0.105537;0.134889;0.051276;,
  -0.101543;0.069898;0.115428;,
  -0.101706;0.063288;0.081424;,
  -0.062555;0.188212;0.028840;,
  -0.067067;0.135802;0.056555;,
  -0.042687;0.155821;0.085520;,
  -0.035627;0.218637;0.066998;,
  -0.074338;0.060336;0.090875;,
  -0.061745;0.081643;0.113053;,
  -0.095096;0.163067;0.118025;,
  -0.096299;0.235935;0.102339;,
  -0.081737;0.088570;0.125521;,
  -0.075271;0.488608;0.058469;,
  -0.024625;0.444030;-0.006912;,
  0.005122;0.472941;0.100997;,
  -0.050241;0.474331;0.104873;,
  0.000714;0.430103;0.090740;,
  -0.050253;0.430870;0.095005;,
  -0.004366;0.607479;0.088225;,
  -0.041096;0.660864;0.087890;,
  -0.059496;0.663893;0.078371;,
  -0.044889;0.608074;0.083491;,
  -0.064690;0.605538;0.037580;,
  -0.080822;0.657197;0.030155;,
  -0.060533;0.597487;0.002094;,
  -0.069237;0.645379;-0.015792;,
  -0.122304;0.728538;0.008970;,
  -0.135327;0.698580;0.047673;,
  -0.071044;0.719357;-0.004584;,
  -0.132263;0.676568;0.091795;,
  -0.087200;0.660728;0.083520;,
  -0.080851;0.675755;0.037604;,
  -0.048697;0.748157;0.044232;,
  -0.080851;0.675755;0.037604;,
  -0.055387;0.716021;0.083383;,
  -0.087200;0.660728;0.083520;,
  -0.076398;0.662102;0.120662;,
  -0.053266;0.756531;0.050349;,
  -0.109887;0.739146;0.093321;,
  -0.096415;0.767939;0.055077;,
  -0.121399;0.677619;0.128978;,
  -0.117830;0.749558;0.029809;,
  -0.136328;0.686793;0.072555;,
  -0.143111;0.650426;0.025642;,
  -0.110105;0.637684;0.015858;,
  -0.083061;0.669291;0.060036;,
  -0.150672;0.617426;-0.011018;,
  -0.124792;0.611695;-0.012272;,
  -0.083061;0.669291;0.060036;,
  -0.110105;0.637684;0.015858;,
  -0.122406;0.597978;0.055178;,
  -0.087185;0.623986;0.103366;,
  -0.124792;0.611695;-0.012272;,
  -0.137211;0.582450;0.010863;,
  -0.147578;0.608183;0.062679;,
  -0.140121;0.641546;0.115696;,
  -0.154767;0.587969;0.012096;,
  -0.140212;0.574343;-0.115348;,
  -0.159103;0.544777;-0.083036;,
  -0.154051;0.553781;-0.063943;,
  -0.134919;0.583915;-0.096264;,
  -0.124855;0.603839;-0.074941;,
  -0.126973;0.613191;-0.081586;,
  -0.134765;0.602493;-0.088375;,
  -0.128348;0.596032;-0.082199;,
  -0.138716;0.563820;-0.026565;,
  -0.124742;0.607389;-0.046022;,
  -0.152574;0.606604;-0.066848;,
  -0.162089;0.556139;-0.054682;,
  -0.181353;0.560749;-0.057075;,
  -0.172299;0.577474;-0.015737;,
  -0.158241;0.623654;-0.035019;,
  -0.172231;0.609557;-0.068017;,
  -0.075195;0.795500;0.011372;,
  -0.092446;0.788433;-0.012000;,
  -0.058983;0.777920;-0.021698;,
  -0.050268;0.789327;-0.001837;,
  -0.050147;0.712830;0.081448;,
  -0.032846;0.784849;-0.033606;,
  -0.098741;0.763914;-0.024162;,
  -0.100015;0.739161;-0.012343;,
  -0.081771;0.733793;-0.022343;,
  -0.070552;0.752403;-0.031211;,
  -0.058235;0.759634;0.056686;,
  -0.062192;0.762952;0.053045;,
  -0.015873;0.749295;0.059464;,
  0.037422;0.737100;0.039736;,
  0.024736;0.779012;-0.001366;,
  -0.044953;0.792173;0.030246;,
  -0.062192;0.762952;0.053045;,
  -0.074828;0.721348;0.012067;,
  -0.071044;0.719357;-0.004584;,
  -0.067297;0.751869;0.048320;,
  -0.077326;0.688711;0.026119;,
  -0.067153;0.701711;0.056823;,
  -0.086754;0.716565;-0.014512;,
  -0.064377;0.709234;0.071544;,
  -0.124742;0.607389;-0.046022;,
  -0.029950;0.810486;-0.052582;,
  -0.015268;0.821486;-0.039338;,
  0.011620;0.823680;-0.040430;,
  0.015274;0.797066;-0.027642;,
  -0.172231;0.609557;-0.068017;,
  -0.140212;0.574343;-0.115348;,
  -0.159103;0.544777;-0.083036;,
  -0.141527;0.623924;-0.073245;,
  -0.130823;0.607551;-0.056264;,
  -0.130823;0.607551;-0.056264;,
  -0.140122;0.597532;-0.067665;,
  -0.158411;0.610248;-0.078131;,
  -0.158411;0.610248;-0.078131;,
  -0.126973;0.613191;-0.081586;,
  -0.124855;0.603839;-0.074941;,
  -0.134765;0.602493;-0.088375;,
  -0.152563;0.020038;0.066750;,
  -0.161256;-0.001659;0.064602;,
  -0.157836;-0.001226;0.012855;,
  -0.152364;0.017373;0.017699;,
  -0.043047;0.032376;0.120735;,
  -0.066626;0.024043;0.087758;,
  -0.065809;-0.000928;0.090394;,
  -0.038774;-0.001072;0.131044;,
  -0.061745;0.081643;0.113053;,
  -0.075287;0.034883;0.146990;,
  -0.081737;0.088570;0.125521;,
  -0.098284;-0.001504;0.121538;,
  -0.101097;0.033424;0.120641;,
  -0.065687;-0.001526;0.153193;,
  -0.101706;0.063288;0.081424;,
  -0.101543;0.069898;0.115428;,
  -0.124538;0.014686;0.008066;,
  -0.124325;-0.000776;-0.001531;,
  -0.124325;-0.000776;-0.001531;,
  -0.161256;-0.001659;0.064602;,
  -0.049329;0.347036;-0.007716;,
  -0.079028;0.254378;0.007465;,
  -0.062555;0.188212;0.028840;,
  -0.067067;0.135802;0.056555;,
  -0.074338;0.060336;0.090875;,
  -0.074338;0.060336;0.090875;,
  -0.047493;0.800154;-0.076202;,
  -0.027514;0.797700;-0.066317;,
  -0.031401;0.781017;-0.086153;,
  -0.040611;0.785724;-0.090519;,
  -0.038171;0.829096;-0.068889;,
  -0.028669;0.848786;-0.058663;,
  -0.025786;0.905078;-0.168102;,
  -0.006306;0.908217;-0.172473;,
  -0.042521;0.824057;-0.166104;,
  -0.026215;0.818781;-0.172350;,
  -0.038857;0.851722;-0.176304;,
  -0.047295;0.800419;-0.104514;,
  -0.053169;0.824980;-0.088788;,
  -0.045417;0.814449;-0.075753;,
  -0.053620;0.863500;-0.095098;,
  -0.056394;0.858580;-0.118976;,
  -0.054484;0.839377;-0.138213;,
  -0.050893;0.867298;-0.165939;,
  -0.057174;0.884947;-0.145223;,
  -0.049653;0.875936;-0.084516;,
  -0.037227;0.894111;-0.073864;,
  0.002705;0.900147;-0.068895;,
  -0.033315;0.924584;-0.111392;,
  0.000274;0.931075;-0.107199;,
  -0.054268;0.821610;-0.124078;,
  -0.038987;0.784234;-0.110876;,
  -0.041885;0.803389;-0.141166;,
  -0.024937;0.756987;-0.107252;,
  -0.034092;0.872416;-0.180928;,
  -0.045072;0.897600;-0.160010;,
  -0.037822;0.920381;-0.142149;,
  -0.050041;0.911871;-0.123706;,
  -0.020230;0.928020;-0.141764;,
  -0.002920;0.930644;-0.142733;,
  0.002647;0.862147;-0.055849;,
  -0.050041;0.911871;-0.123706;,
  -0.037822;0.920381;-0.142149;,
  -0.063311;0.859772;-0.091280;,
  -0.057651;0.826940;-0.090486;,
  -0.058233;0.852133;-0.102766;,
  -0.061420;0.870300;-0.109264;,
  -0.057651;0.826940;-0.090486;,
  -0.063311;0.859772;-0.091280;,
  -0.061420;0.870300;-0.109264;,
  -0.056394;0.858580;-0.118976;,
  -0.056877;0.835002;-0.110188;,
  -0.053169;0.824980;-0.088788;,
  -0.042180;0.821429;-0.154196;,
  -0.056877;0.835002;-0.110188;,
  -0.029950;0.810486;-0.052582;,
  -0.032846;0.784849;-0.033606;,
  -0.058983;0.777920;-0.021698;,
  -0.038171;0.829096;-0.068889;,
  0.041610;0.473640;0.079990;,
  0.039655;0.440547;0.071176;,
  0.034693;0.422641;0.061774;,
  0.006775;0.436598;0.011294;,
  -0.020230;0.928020;-0.141764;,
  -0.002920;0.930644;-0.142733;,
  -0.026843;0.779629;-0.129779;,
  -0.020522;0.785887;-0.143842;,
  -0.020554;0.793888;-0.149246;,
  -0.023070;0.816785;-0.159876;,
  0.037142;0.603587;0.065723;,
  -0.058983;0.777920;-0.021698;,
  -0.157836;-0.001226;0.012855;,
  -0.019012;0.768454;-0.130987;,
  -0.026062;0.774378;-0.125837;,
  -0.018621;0.774450;-0.130851;,
  -0.018909;0.774877;-0.137049;,
  -0.067297;0.751869;0.048320;,
  -0.062878;0.728893;0.022731;,
  -0.074828;0.721348;0.012067;,
  -0.086754;0.716565;-0.014512;,
  -0.049653;0.875936;-0.084516;,
  -0.068422;0.207320;-0.033525;,
  -0.073317;0.133060;-0.018358;,
  -0.028307;0.140143;-0.072194;,
  -0.028419;0.217170;-0.068520;,
  -0.076942;0.267134;-0.041591;,
  -0.032515;0.274059;-0.069342;,
  -0.052622;0.359457;-0.037726;,
  -0.027810;0.363534;-0.056178;,
  -0.038532;0.447563;-0.035971;,
  -0.025665;0.449029;-0.048203;,
  -0.024158;0.493464;-0.035356;,
  -0.053995;0.495885;-0.003938;,
  -0.075191;0.062321;-0.010889;,
  -0.029923;0.074676;-0.078743;,
  -0.019888;0.080957;0.124932;,
  -0.081725;0.088570;0.125514;,
  -0.095096;0.163067;0.118025;,
  -0.025857;0.152510;0.102548;,
  -0.096299;0.235935;0.102339;,
  -0.034283;0.220112;0.084223;,
  -0.035981;0.259069;0.068385;,
  -0.093963;0.266443;0.064413;,
  -0.088880;0.347686;0.094480;,
  -0.007948;0.332335;0.074589;,
  0.039655;0.440547;0.071176;,
  0.000714;0.430103;0.090740;,
  -0.062878;0.728893;0.022731;,
  -0.075205;0.453977;-0.001771;,
  -0.102082;0.358298;-0.004936;,
  -0.123243;0.260049;-0.012548;,
  -0.110911;0.204208;0.025643;,
  -0.105537;0.134889;0.051276;,
  -0.101706;0.063288;0.081424;,
  0.098270;0.429148;0.009174;,
  0.116272;0.353996;-0.015590;,
  0.069048;0.435360;0.048800;,
  0.098515;0.271390;-0.047404;,
  0.125037;0.226695;-0.035587;,
  0.129584;0.153387;-0.048330;,
  0.117148;0.082249;-0.059740;,
  -0.055776;0.421647;0.092813;,
  0.056713;0.731232;-0.085135;,
  0.056713;0.731232;-0.085135;,
  0.021814;0.758650;-0.066646;,
  0.021814;0.758650;-0.066646;,
  0.021814;0.758650;-0.066646;,
  0.021814;0.758650;-0.066646;,
  0.021814;0.758650;-0.066646;,
  0.021814;0.758650;-0.066646;,
  0.064122;0.709572;-0.085540;,
  0.064122;0.709572;-0.085540;,
  0.065242;0.691915;-0.086047;,
  0.065242;0.691915;-0.086047;,
  0.065242;0.691915;-0.086047;,
  0.026996;0.659298;-0.076564;,
  0.026996;0.659298;-0.076564;,
  0.026996;0.659298;-0.076564;,
  0.026996;0.659298;-0.076564;,
  0.026996;0.659298;-0.076564;,
  0.073893;0.664978;-0.068137;,
  0.073893;0.664978;-0.068137;,
  0.073893;0.664978;-0.068137;,
  0.073893;0.664978;-0.068137;,
  0.073893;0.664978;-0.068137;,
  0.039261;0.789255;-0.042831;,
  0.039261;0.789255;-0.042831;,
  0.039261;0.789255;-0.042831;,
  0.039261;0.789255;-0.042831;,
  0.039261;0.789255;-0.042831;,
  0.039261;0.789255;-0.042831;,
  0.073444;0.768677;-0.052903;,
  0.073444;0.768677;-0.052903;,
  0.093806;0.769010;-0.033415;,
  0.093806;0.769010;-0.033415;,
  0.093806;0.769010;-0.033415;,
  0.069089;0.542795;0.047570;,
  0.069089;0.542795;0.047570;,
  0.069089;0.542795;0.047570;,
  0.069089;0.542795;0.047570;,
  0.069089;0.542795;0.047570;,
  0.087061;0.549564;0.012434;,
  0.087061;0.549564;0.012434;,
  0.087061;0.549564;0.012434;,
  0.087061;0.549564;0.012434;,
  0.087061;0.549564;0.012434;,
  0.054356;0.556863;-0.032159;,
  0.054356;0.556863;-0.032159;,
  0.054356;0.556863;-0.032159;,
  0.054356;0.556863;-0.032159;,
  0.054356;0.556863;-0.032159;,
  0.054356;0.556863;-0.032159;,
  0.014809;0.554770;-0.044871;,
  0.014809;0.554770;-0.044871;,
  0.014809;0.554770;-0.044871;,
  0.014809;0.554770;-0.044871;,
  0.014809;0.554770;-0.044871;,
  0.048137;0.512296;-0.047499;,
  0.048137;0.512296;-0.047499;,
  0.048137;0.512296;-0.047499;,
  0.048137;0.512296;-0.047499;,
  0.048137;0.512296;-0.047499;,
  0.048137;0.512296;-0.047499;,
  -0.024067;0.663231;-0.058028;,
  -0.024067;0.663231;-0.058028;,
  -0.024067;0.663231;-0.058028;,
  -0.024067;0.663231;-0.058028;,
  -0.024067;0.663231;-0.058028;,
  0.031959;0.538635;0.068580;,
  0.031959;0.538635;0.068580;,
  0.084886;0.651141;0.035814;,
  0.084886;0.651141;0.035814;,
  0.084886;0.651141;0.035814;,
  0.084886;0.651141;0.035814;,
  0.042056;0.658384;0.064376;,
  0.042056;0.658384;0.064376;,
  0.042625;0.701180;0.058568;,
  0.042625;0.701180;0.058568;,
  0.090671;0.694542;0.028549;,
  0.090671;0.694542;0.028549;,
  0.090671;0.694542;0.028549;,
  0.090671;0.694542;0.028549;,
  0.090671;0.694542;0.028549;,
  0.042205;0.466371;-0.066111;,
  0.042205;0.466371;-0.066111;,
  0.042205;0.466371;-0.066111;,
  0.042205;0.466371;-0.066111;,
  0.042205;0.466371;-0.066111;,
  0.042205;0.466371;-0.066111;,
  0.085385;0.460765;-0.040747;,
  0.085385;0.460765;-0.040747;,
  0.085385;0.460765;-0.040747;,
  0.085385;0.460765;-0.040747;,
  0.085385;0.460765;-0.040747;,
  0.085385;0.460765;-0.040747;,
  0.065979;0.281695;-0.124400;,
  0.065979;0.281695;-0.124400;,
  0.065979;0.281695;-0.124400;,
  0.065979;0.281695;-0.124400;,
  0.065979;0.281695;-0.124400;,
  0.103499;0.275959;-0.087582;,
  0.103499;0.275959;-0.087582;,
  0.103499;0.275959;-0.087582;,
  0.103499;0.275959;-0.087582;,
  0.103499;0.275959;-0.087582;,
  0.029998;0.416078;0.041363;,
  0.029998;0.416078;0.041363;,
  0.029998;0.416078;0.041363;,
  0.029998;0.416078;0.041363;,
  0.029998;0.416078;0.041363;,
  0.029998;0.416078;0.041363;,
  0.029998;0.416078;0.041363;,
  0.059201;0.263357;-0.040028;,
  0.059201;0.263357;-0.040028;,
  0.059201;0.263357;-0.040028;,
  0.059201;0.263357;-0.040028;,
  0.059201;0.263357;-0.040028;,
  0.047734;0.267964;-0.080431;,
  0.098270;0.429148;0.009174;,
  0.098270;0.429148;0.009174;,
  0.098270;0.429148;0.009174;,
  0.098270;0.429148;0.009174;,
  0.098270;0.429148;0.009174;,
  0.098515;0.271390;-0.047404;,
  0.098515;0.271390;-0.047404;,
  0.098515;0.271390;-0.047404;,
  0.098515;0.271390;-0.047404;,
  0.098515;0.271390;-0.047404;,
  0.098515;0.271390;-0.047404;,
  0.102262;0.068490;-0.110306;,
  0.102262;0.068490;-0.110306;,
  0.124767;0.068776;-0.084097;,
  0.124767;0.068776;-0.084097;,
  0.124767;0.068776;-0.084097;,
  0.093950;0.074748;-0.057446;,
  0.093950;0.074748;-0.057446;,
  0.117148;0.082249;-0.059740;,
  0.117148;0.082249;-0.059740;,
  0.100835;0.440593;0.012309;,
  0.100835;0.440593;0.012309;,
  0.100835;0.440593;0.012309;,
  0.100835;0.440593;0.012309;,
  0.069048;0.435360;0.048800;,
  0.069048;0.435360;0.048800;,
  0.069048;0.435360;0.048800;,
  0.069048;0.435360;0.048800;,
  0.076485;0.600497;0.039606;,
  0.076485;0.600497;0.039606;,
  0.076485;0.600497;0.039606;,
  0.076485;0.600497;0.039606;,
  0.076485;0.600497;0.039606;,
  0.076485;0.600497;0.039606;,
  0.103220;0.643089;0.005970;,
  0.103220;0.643089;0.005970;,
  0.103220;0.643089;0.005970;,
  0.103220;0.643089;0.005970;,
  0.103220;0.643089;0.005970;,
  0.104616;0.643680;-0.014787;,
  0.104616;0.643680;-0.014787;,
  0.104616;0.643680;-0.014787;,
  0.104616;0.643680;-0.014787;,
  0.104616;0.643680;-0.014787;,
  0.104616;0.643680;-0.014787;,
  0.072131;0.638358;-0.056669;,
  0.072131;0.638358;-0.056669;,
  0.072131;0.638358;-0.056669;,
  0.072131;0.638358;-0.056669;,
  0.072131;0.638358;-0.056669;,
  0.057662;0.594972;-0.035996;,
  0.057662;0.594972;-0.035996;,
  0.057662;0.594972;-0.035996;,
  0.057662;0.594972;-0.035996;,
  0.057662;0.594972;-0.035996;,
  0.057662;0.594972;-0.035996;,
  0.090436;0.596388;0.002114;,
  0.090436;0.596388;0.002114;,
  0.090436;0.596388;0.002114;,
  0.090436;0.596388;0.002114;,
  0.024524;0.633831;-0.069016;,
  0.024524;0.633831;-0.069016;,
  0.024524;0.633831;-0.069016;,
  0.024524;0.633831;-0.069016;,
  0.024524;0.633831;-0.069016;,
  0.022760;0.590295;-0.047993;,
  0.022760;0.590295;-0.047993;,
  0.022760;0.590295;-0.047993;,
  0.022760;0.590295;-0.047993;,
  0.022760;0.590295;-0.047993;,
  -0.026997;0.642945;-0.047773;,
  -0.026997;0.642945;-0.047773;,
  -0.026997;0.642945;-0.047773;,
  -0.026997;0.642945;-0.047773;,
  -0.026997;0.642945;-0.047773;,
  -0.026997;0.642945;-0.047773;,
  -0.026997;0.642945;-0.047773;,
  -0.021474;0.588913;-0.026325;,
  -0.021474;0.588913;-0.026325;,
  -0.021474;0.588913;-0.026325;,
  -0.021474;0.588913;-0.026325;,
  -0.021474;0.588913;-0.026325;,
  0.129965;0.604536;-0.052023;,
  0.129965;0.604536;-0.052023;,
  0.165702;0.619462;-0.081307;,
  0.165702;0.619462;-0.081307;,
  0.165702;0.619462;-0.081307;,
  0.165702;0.619462;-0.081307;,
  0.165702;0.619462;-0.081307;,
  0.159606;0.607102;-0.012060;,
  0.159606;0.607102;-0.012060;,
  0.159606;0.607102;-0.012060;,
  0.159606;0.607102;-0.012060;,
  0.159606;0.607102;-0.012060;,
  0.129965;0.604536;-0.052023;,
  0.195311;0.621805;-0.041240;,
  0.195311;0.621805;-0.041240;,
  0.195311;0.621805;-0.041240;,
  0.195311;0.621805;-0.041240;,
  0.195311;0.621805;-0.041240;,
  0.195311;0.621805;-0.041240;,
  0.112374;0.512550;-0.124189;,
  0.112374;0.512550;-0.124189;,
  0.130763;0.518897;-0.142724;,
  0.130763;0.518897;-0.142724;,
  0.130763;0.518897;-0.142724;,
  0.130763;0.518897;-0.142724;,
  0.130763;0.518897;-0.142724;,
  0.130763;0.518897;-0.142724;,
  0.158459;0.567727;-0.025069;,
  0.158459;0.567727;-0.025069;,
  0.158459;0.567727;-0.025069;,
  0.158459;0.567727;-0.025069;,
  0.158459;0.567727;-0.025069;,
  0.144204;0.494666;-0.109661;,
  0.144204;0.494666;-0.109661;,
  0.144204;0.494666;-0.109661;,
  0.144204;0.494666;-0.109661;,
  0.112374;0.512550;-0.124189;,
  0.112374;0.512550;-0.124189;,
  0.201070;0.586449;-0.058215;,
  0.201070;0.586449;-0.058215;,
  0.201070;0.586449;-0.058215;,
  0.201070;0.586449;-0.058215;,
  0.155636;0.499810;-0.121886;,
  0.155636;0.499810;-0.121886;,
  0.155636;0.499810;-0.121886;,
  0.155636;0.499810;-0.121886;,
  0.155636;0.499810;-0.121886;,
  0.102429;0.765329;-0.058239;,
  0.102429;0.765329;-0.058239;,
  0.102429;0.765329;-0.058239;,
  0.102429;0.765329;-0.058239;,
  0.097471;0.756375;-0.086333;,
  0.097471;0.756375;-0.086333;,
  0.097471;0.756375;-0.086333;,
  0.097471;0.756375;-0.086333;,
  0.097471;0.756375;-0.086333;,
  0.073444;0.768677;-0.052903;,
  0.073444;0.768677;-0.052903;,
  0.063224;0.757496;-0.072533;,
  0.114864;0.688753;-0.003526;,
